2,15,66,11,6
15,17,55,1,12
23,52,7,10,8
70,29,0,0,1
9,54,31,3,3
37,3,46,4,10
11,58,15,6,10
44,28,2,8,18
42,11,44,0,3
96,3,0,0,1
8,65,22,2,3
8,45,3,24,20
73,12,8,6,1
17,72,0,1,10
91,3,4,1,1
32,29,0,10,29
51,36,6,0,7
94,0,4,0,2
90,2,1,0,7
91,0,5,0,4